[
    {
        "id": 0,
        "img_name": "frame_0000.jpg",
        "width": 832,
        "height": 468,
        "position": [
            0.03083360195159912,
            -1.8745495080947876,
            3.1008923053741455
        ],
        "rotation": [
            [
                -0.8743880987167358,
                0.2758326232433319,
                -0.3992016911506653
            ],
            [
                -0.22665874660015106,
                0.49525243043899536,
                0.8386601209640503
            ],
            [
                0.4290353059768677,
                0.8237970471382141,
                -0.37052303552627563
            ]
        ],
        "fy": 621.623046875,
        "fx": 621.623046875,
        "cx": 416.0,
        "cy": 234.0,
        "time": 0.0,
        "appearance_id": 0,
        "normalized_appearance_id": 0.0
    },
    {
        "id": 1,
        "img_name": "frame_0030.jpg",
        "width": 833,
        "height": 469,
        "position": [
            0.39095741510391235,
            -1.7768077850341797,
            2.9231762886047363
        ],
        "rotation": [
            [
                -0.8692069053649902,
                0.2804633378982544,
                -0.4072096347808838
            ],
            [
                -0.23167040944099426,
                0.4965609312057495,
                0.8365142345428467
            ],
            [
                0.4368160367012024,
                0.8214423656463623,
                -0.366639107465744
            ]
        ],
        "fy": 621.906494140625,
        "fx": 621.906494140625,
        "cx": 416.5,
        "cy": 234.5,
        "time": 0.0,
        "appearance_id": 1,
        "normalized_appearance_id": 0.024390242993831635
    },
    {
        "id": 2,
        "img_name": "frame_0060.jpg",
        "width": 834,
        "height": 470,
        "position": [
            0.7906212210655212,
            -1.6672916412353516,
            2.719561815261841
        ],
        "rotation": [
            [
                -0.8663330078125,
                0.2829551696777344,
                -0.4115862548351288
            ],
            [
                -0.23417596518993378,
                0.4977577328681946,
                0.8351041674613953
            ],
            [
                0.44116732478141785,
                0.8198620080947876,
                -0.3649628162384033
            ]
        ],
        "fy": 622.53271484375,
        "fx": 622.53271484375,
        "cx": 417.0,
        "cy": 235.0,
        "time": 0.0,
        "appearance_id": 2,
        "normalized_appearance_id": 0.04878048598766327
    },
    {
        "id": 3,
        "img_name": "frame_0090.jpg",
        "width": 834,
        "height": 469,
        "position": [
            1.1995476484298706,
            -1.5957938432693481,
            2.586352825164795
        ],
        "rotation": [
            [
                -0.8087030649185181,
                0.32840457558631897,
                -0.4880061149597168
            ],
            [
                -0.28162479400634766,
                0.5121980905532837,
                0.8113816976547241
            ],
            [
                0.5164172053337097,
                0.7936014533042908,
                -0.32172900438308716
            ]
        ],
        "fy": 621.7680053710938,
        "fx": 621.7680053710938,
        "cx": 417.0,
        "cy": 234.5,
        "time": 0.0,
        "appearance_id": 3,
        "normalized_appearance_id": 0.0731707289814949
    },
    {
        "id": 4,
        "img_name": "frame_0120.jpg",
        "width": 832,
        "height": 468,
        "position": [
            1.592390537261963,
            -1.5233078002929688,
            2.4366393089294434
        ],
        "rotation": [
            [
                -0.729976236820221,
                0.37651127576828003,
                -0.5704153776168823
            ],
            [
                -0.33299344778060913,
                0.5329099893569946,
                0.7778961062431335
            ],
            [
                0.5968669056892395,
                0.7577903866767883,
                -0.26363617181777954
            ]
        ],
        "fy": 621.0950317382812,
        "fx": 621.0950317382812,
        "cx": 416.0,
        "cy": 234.0,
        "time": 0.0,
        "appearance_id": 4,
        "normalized_appearance_id": 0.09756097197532654
    },
    {
        "id": 5,
        "img_name": "frame_0150.jpg",
        "width": 831,
        "height": 468,
        "position": [
            1.9327681064605713,
            -1.4612728357315063,
            2.268190383911133
        ],
        "rotation": [
            [
                -0.70283442735672,
                0.39050281047821045,
                -0.5945849418640137
            ],
            [
                -0.3480735719203949,
                0.5401632189750671,
                0.7662040591239929
            ],
            [
                0.620377779006958,
                0.7454737424850464,
                -0.24372141063213348
            ]
        ],
        "fy": 620.8131713867188,
        "fx": 620.8131713867188,
        "cx": 415.5,
        "cy": 234.0,
        "time": 0.0,
        "appearance_id": 5,
        "normalized_appearance_id": 0.12195122241973877
    },
    {
        "id": 6,
        "img_name": "frame_0180.jpg",
        "width": 831,
        "height": 468,
        "position": [
            2.214189052581787,
            -1.406143307685852,
            2.0809783935546875
        ],
        "rotation": [
            [
                -0.6935848593711853,
                0.3945084810256958,
                -0.6027463674545288
            ],
            [
                -0.35326021909713745,
                0.5429339408874512,
                0.7618595361709595
            ],
            [
                0.6278114318847656,
                0.7413405776023865,
                -0.2372065931558609
            ]
        ],
        "fy": 620.3314819335938,
        "fx": 620.3314819335938,
        "cx": 415.5,
        "cy": 234.0,
        "time": 0.0,
        "appearance_id": 6,
        "normalized_appearance_id": 0.1463414579629898
    },
    {
        "id": 7,
        "img_name": "frame_0210.jpg",
        "width": 833,
        "height": 469,
        "position": [
            2.427405834197998,
            -1.3055275678634644,
            1.8840433359146118
        ],
        "rotation": [
            [
                -0.591393232345581,
                0.4387393295764923,
                -0.6765809655189514
            ],
            [
                -0.399771511554718,
                0.5691468119621277,
                0.7185087203979492
            ],
            [
                0.7003119587898254,
                0.6953989267349243,
                -0.16119420528411865
            ]
        ],
        "fy": 620.084228515625,
        "fx": 620.084228515625,
        "cx": 416.5,
        "cy": 234.5,
        "time": 0.0,
        "appearance_id": 7,
        "normalized_appearance_id": 0.17073170840740204
    },
    {
        "id": 8,
        "img_name": "frame_0240.jpg",
        "width": 832,
        "height": 468,
        "position": [
            2.6245014667510986,
            -1.1405969858169556,
            1.5948290824890137
        ],
        "rotation": [
            [
                -0.4279499650001526,
                0.48879173398017883,
                -0.7602243423461914
            ],
            [
                -0.4518248438835144,
                0.6127880811691284,
                0.6483402848243713
            ],
            [
                0.7827599048614502,
                0.6209455132484436,
                -0.04139441251754761
            ]
        ],
        "fy": 621.224609375,
        "fx": 621.224609375,
        "cx": 416.0,
        "cy": 234.0,
        "time": 0.0,
        "appearance_id": 8,
        "normalized_appearance_id": 0.19512194395065308
    },
    {
        "id": 9,
        "img_name": "frame_0270.jpg",
        "width": 833,
        "height": 469,
        "position": [
            2.727637529373169,
            -0.8876280188560486,
            1.18715500831604
        ],
        "rotation": [
            [
                -0.24638783931732178,
                0.5216479301452637,
                -0.816808819770813
            ],
            [
                -0.4880897104740143,
                0.661323070526123,
                0.5695788860321045
            ],
            [
                0.8372941017150879,
                0.5390133261680603,
                0.09166912734508514
            ]
        ],
        "fy": 621.6674194335938,
        "fx": 621.6674194335938,
        "cx": 416.5,
        "cy": 234.5,
        "time": 0.0,
        "appearance_id": 9,
        "normalized_appearance_id": 0.2195121943950653
    },
    {
        "id": 10,
        "img_name": "frame_0300.jpg",
        "width": 833,
        "height": 469,
        "position": [
            2.6629137992858887,
            -0.5912811756134033,
            0.7045875787734985
        ],
        "rotation": [
            [
                -0.051271382719278336,
                0.5347034931182861,
                -0.8434829115867615
            ],
            [
                -0.5070802569389343,
                0.7136839628219604,
                0.4832439720630646
            ],
            [
                0.8603724837303162,
                0.4524901211261749,
                0.23454603552818298
            ]
        ],
        "fy": 621.9882202148438,
        "fx": 621.9882202148438,
        "cx": 416.5,
        "cy": 234.5,
        "time": 0.0,
        "appearance_id": 10,
        "normalized_appearance_id": 0.24390244483947754
    },
    {
        "id": 11,
        "img_name": "frame_0330.jpg",
        "width": 834,
        "height": 469,
        "position": [
            2.5180370807647705,
            -0.271190345287323,
            0.18127211928367615
        ],
        "rotation": [
            [
                0.16301698982715607,
                0.5264766812324524,
                -0.8344144821166992
            ],
            [
                -0.5025734305381775,
                0.7720909714698792,
                0.3889671862125397
            ],
            [
                0.8490262627601624,
                0.3559463620185852,
                0.3904571235179901
            ]
        ],
        "fy": 623.4605102539062,
        "fx": 623.4605102539062,
        "cx": 417.0,
        "cy": 234.5,
        "time": 0.0,
        "appearance_id": 11,
        "normalized_appearance_id": 0.26829269528388977
    },
    {
        "id": 12,
        "img_name": "frame_0360.jpg",
        "width": 833,
        "height": 469,
        "position": [
            2.356809616088867,
            0.06590704619884491,
            -0.35892367362976074
        ],
        "rotation": [
            [
                0.19965511560440063,
                0.5212703943252563,
                -0.829707682132721
            ],
            [
                -0.4989970624446869,
                0.7828229069709778,
                0.3717394173145294
            ],
            [
                0.8432911038398743,
                0.3398020565509796,
                0.41640710830688477
            ]
        ],
        "fy": 623.4822998046875,
        "fx": 623.4822998046875,
        "cx": 416.5,
        "cy": 234.5,
        "time": 0.0,
        "appearance_id": 12,
        "normalized_appearance_id": 0.2926829159259796
    },
    {
        "id": 13,
        "img_name": "frame_0390.jpg",
        "width": 832,
        "height": 468,
        "position": [
            2.1602048873901367,
            0.43962740898132324,
            -0.9335064888000488
        ],
        "rotation": [
            [
                0.3499104976654053,
                0.4966662526130676,
                -0.7942829728126526
            ],
            [
                -0.4777824580669403,
                0.8239331841468811,
                0.3047260046005249
            ],
            [
                0.8057831525802612,
                0.2728675603866577,
                0.5256012678146362
            ]
        ],
        "fy": 622.6314086914062,
        "fx": 622.6314086914062,
        "cx": 416.0,
        "cy": 234.0,
        "time": 0.0,
        "appearance_id": 13,
        "normalized_appearance_id": 0.31707316637039185
    },
    {
        "id": 14,
        "img_name": "frame_0420.jpg",
        "width": 829,
        "height": 466,
        "position": [
            1.8553274869918823,
            0.8244438767433167,
            -1.5082063674926758
        ],
        "rotation": [
            [
                0.5161164402961731,
                0.4519514739513397,
                -0.727573812007904
            ],
            [
                -0.4384768009185791,
                0.869121253490448,
                0.22883647680282593
            ],
            [
                0.735772967338562,
                0.20091784000396729,
                0.6467380523681641
            ]
        ],
        "fy": 621.9256591796875,
        "fx": 621.9256591796875,
        "cx": 414.5,
        "cy": 233.0,
        "time": 0.0,
        "appearance_id": 14,
        "normalized_appearance_id": 0.3414634168148041
    },
    {
        "id": 15,
        "img_name": "frame_0450.jpg",
        "width": 828,
        "height": 466,
        "position": [
            1.4860212802886963,
            1.1571415662765503,
            -1.97552490234375
        ],
        "rotation": [
            [
                0.5856751203536987,
                0.42464643716812134,
                -0.6904056072235107
            ],
            [
                -0.4148092567920685,
                0.8888127207756042,
                0.19479525089263916
            ],
            [
                0.6963603496551514,
                0.1723000705242157,
                0.696702778339386
            ]
        ],
        "fy": 620.7568359375,
        "fx": 620.7568359375,
        "cx": 414.0,
        "cy": 233.0,
        "time": 0.0,
        "appearance_id": 15,
        "normalized_appearance_id": 0.3658536672592163
    },
    {
        "id": 16,
        "img_name": "frame_0480.jpg",
        "width": 827,
        "height": 465,
        "position": [
            1.1534721851348877,
            1.5195658206939697,
            -2.487595796585083
        ],
        "rotation": [
            [
                0.6385189890861511,
                0.4013075828552246,
                -0.6566930413246155
            ],
            [
                -0.3933078348636627,
                0.9035971164703369,
                0.16976863145828247
            ],
            [
                0.6615154147148132,
                0.14988191425800323,
                0.7348012328147888
            ]
        ],
        "fy": 619.9349975585938,
        "fx": 619.9349975585938,
        "cx": 413.5,
        "cy": 232.5,
        "time": 0.0,
        "appearance_id": 16,
        "normalized_appearance_id": 0.39024388790130615
    },
    {
        "id": 17,
        "img_name": "frame_0510.jpg",
        "width": 827,
        "height": 466,
        "position": [
            0.7540664672851562,
            1.8542296886444092,
            -2.9620237350463867
        ],
        "rotation": [
            [
                0.7578549981117249,
                0.3385867178440094,
                -0.557686984539032
            ],
            [
                -0.3337826728820801,
                0.9356720447540283,
                0.11448591947555542
            ],
            [
                0.5605756044387817,
                0.09938249737024307,
                0.8221179842948914
            ]
        ],
        "fy": 620.3290405273438,
        "fx": 620.3290405273438,
        "cx": 413.5,
        "cy": 233.0,
        "time": 0.0,
        "appearance_id": 17,
        "normalized_appearance_id": 0.4146341383457184
    },
    {
        "id": 18,
        "img_name": "frame_0540.jpg",
        "width": 831,
        "height": 468,
        "position": [
            0.31796324253082275,
            1.906412124633789,
            -2.965146780014038
        ],
        "rotation": [
            [
                0.8371354937553406,
                0.28458088636398315,
                -0.46713787317276
            ],
            [
                -0.28248587250709534,
                0.9562317132949829,
                0.07630795240402222
            ],
            [
                0.4684077799320221,
                0.06807970255613327,
                0.8808856010437012
            ]
        ],
        "fy": 620.970947265625,
        "fx": 620.970947265625,
        "cx": 415.5,
        "cy": 234.0,
        "time": 0.0,
        "appearance_id": 18,
        "normalized_appearance_id": 0.4390243887901306
    },
    {
        "id": 19,
        "img_name": "frame_0570.jpg",
        "width": 834,
        "height": 470,
        "position": [
            0.01750349998474121,
            1.7848544120788574,
            -2.7545766830444336
        ],
        "rotation": [
            [
                0.9280507564544678,
                0.19471237063407898,
                -0.3175044357776642
            ],
            [
                -0.19543756544589996,
                0.9802603125572205,
                0.029898524284362793
            ],
            [
                0.31705841422080994,
                0.03430493175983429,
                0.9477855563163757
            ]
        ],
        "fy": 622.9492797851562,
        "fx": 622.9492797851562,
        "cx": 417.0,
        "cy": 235.0,
        "time": 0.0,
        "appearance_id": 19,
        "normalized_appearance_id": 0.46341463923454285
    },
    {
        "id": 20,
        "img_name": "frame_0600.jpg",
        "width": 835,
        "height": 470,
        "position": [
            -0.16865718364715576,
            1.7418262958526611,
            -2.650123119354248
        ],
        "rotation": [
            [
                0.9378291368484497,
                0.1812036782503128,
                -0.29604363441467285
            ],
            [
                -0.18263815343379974,
                0.9829100370407104,
                0.02304941415786743
            ],
            [
                0.2951609194278717,
                0.03245265409350395,
                0.9548963308334351
            ]
        ],
        "fy": 623.8136596679688,
        "fx": 623.8136596679688,
        "cx": 417.5,
        "cy": 235.0,
        "time": 0.0,
        "appearance_id": 20,
        "normalized_appearance_id": 0.4878048896789551
    },
    {
        "id": 21,
        "img_name": "frame_0630.jpg",
        "width": 833,
        "height": 469,
        "position": [
            -0.3234316110610962,
            1.8206591606140137,
            -2.7571463584899902
        ],
        "rotation": [
            [
                0.956917405128479,
                0.1519700288772583,
                -0.24741503596305847
            ],
            [
                -0.15386171638965607,
                0.9880220890045166,
                0.01178896427154541
            ],
            [
                0.2462431937456131,
                0.026786718517541885,
                0.9688378572463989
            ]
        ],
        "fy": 623.3018188476562,
        "fx": 623.3018188476562,
        "cx": 416.5,
        "cy": 234.5,
        "time": 0.0,
        "appearance_id": 21,
        "normalized_appearance_id": 0.5121951103210449
    },
    {
        "id": 22,
        "img_name": "frame_0660.jpg",
        "width": 836,
        "height": 470,
        "position": [
            -0.6140778064727783,
            2.075888156890869,
            -3.1579394340515137
        ],
        "rotation": [
            [
                0.9991961121559143,
                0.021913209930062294,
                -0.03356859087944031
            ],
            [
                -0.022276366129517555,
                0.9996967911720276,
                -0.010483503341674805
            ],
            [
                0.03332868963479996,
                0.011222897097468376,
                0.9993813633918762
            ]
        ],
        "fy": 625.3976440429688,
        "fx": 625.3976440429688,
        "cx": 418.0,
        "cy": 235.0,
        "time": 0.0,
        "appearance_id": 22,
        "normalized_appearance_id": 0.5365853905677795
    },
    {
        "id": 23,
        "img_name": "frame_0690.jpg",
        "width": 835,
        "height": 470,
        "position": [
            -1.006241798400879,
            2.329906702041626,
            -3.543785810470581
        ],
        "rotation": [
            [
                0.9999307990074158,
                -0.002701361197978258,
                0.0114530548453331
            ],
            [
                0.002850256860256195,
                0.999911367893219,
                -0.013004124164581299
            ],
            [
                -0.011416922323405743,
                0.013036029413342476,
                0.999849796295166
            ]
        ],
        "fy": 624.6836547851562,
        "fx": 624.6836547851562,
        "cx": 417.5,
        "cy": 235.0,
        "time": 0.0,
        "appearance_id": 23,
        "normalized_appearance_id": 0.5609756112098694
    },
    {
        "id": 24,
        "img_name": "frame_0720.jpg",
        "width": 833,
        "height": 469,
        "position": [
            -1.289190411567688,
            2.407848834991455,
            -3.797023296356201
        ],
        "rotation": [
            [
                0.9991871118545532,
                -0.01596922054886818,
                0.03701463341712952
            ],
            [
                0.01646599732339382,
                0.9997779130935669,
                -0.013153672218322754
            ],
            [
                -0.03679627180099487,
                0.013752461411058903,
                0.9992282390594482
            ]
        ],
        "fy": 622.6578979492188,
        "fx": 622.6578979492188,
        "cx": 416.5,
        "cy": 234.5,
        "time": 0.0,
        "appearance_id": 24,
        "normalized_appearance_id": 0.5853658318519592
    },
    {
        "id": 25,
        "img_name": "frame_0750.jpg",
        "width": 833,
        "height": 469,
        "position": [
            -1.2915276288986206,
            2.31248140335083,
            -3.668130874633789
        ],
        "rotation": [
            [
                0.9988376498222351,
                -0.018419666215777397,
                0.04454153776168823
            ],
            [
                0.019058899953961372,
                0.9997207522392273,
                -0.013967931270599365
            ],
            [
                -0.04427193105220795,
                0.01480067428201437,
                0.9989097714424133
            ]
        ],
        "fy": 622.221435546875,
        "fx": 622.221435546875,
        "cx": 416.5,
        "cy": 234.5,
        "time": 0.0,
        "appearance_id": 25,
        "normalized_appearance_id": 0.6097561120986938
    },
    {
        "id": 26,
        "img_name": "frame_0780.jpg",
        "width": 835,
        "height": 470,
        "position": [
            -1.83156156539917,
            2.1776726245880127,
            -3.4369583129882812
        ],
        "rotation": [
            [
                0.9804816246032715,
                -0.09918224066495895,
                0.1697605401277542
            ],
            [
                0.10185106098651886,
                0.994774580001831,
                -0.0070629119873046875
            ],
            [
                -0.16817298531532288,
                0.024215320125222206,
                0.9854600429534912
            ]
        ],
        "fy": 623.667724609375,
        "fx": 623.667724609375,
        "cx": 417.5,
        "cy": 235.0,
        "time": 0.0,
        "appearance_id": 26,
        "normalized_appearance_id": 0.6341463327407837
    },
    {
        "id": 27,
        "img_name": "frame_0810.jpg",
        "width": 834,
        "height": 469,
        "position": [
            -2.7655789852142334,
            1.9699769020080566,
            -3.0680367946624756
        ],
        "rotation": [
            [
                0.9115568995475769,
                -0.21182942390441895,
                0.3524095118045807
            ],
            [
                0.21823787689208984,
                0.9756487607955933,
                0.021948397159576416
            ],
            [
                -0.34847697615623474,
                0.056901779025793076,
                0.9355885982513428
            ]
        ],
        "fy": 622.5905151367188,
        "fx": 622.5905151367188,
        "cx": 417.0,
        "cy": 234.5,
        "time": 0.0,
        "appearance_id": 27,
        "normalized_appearance_id": 0.6585366129875183
    },
    {
        "id": 28,
        "img_name": "frame_0840.jpg",
        "width": 832,
        "height": 468,
        "position": [
            -3.7511112689971924,
            1.6354491710662842,
            -2.488858699798584
        ],
        "rotation": [
            [
                0.7978864312171936,
                -0.31031978130340576,
                0.516796886920929
            ],
            [
                0.3216586709022522,
                0.9442369937896729,
                0.07037222385406494
            ],
            [
                -0.5098166465759277,
                0.11008310317993164,
                0.8532108664512634
            ]
        ],
        "fy": 621.47216796875,
        "fx": 621.47216796875,
        "cx": 416.0,
        "cy": 234.0,
        "time": 0.0,
        "appearance_id": 28,
        "normalized_appearance_id": 0.6829268336296082
    },
    {
        "id": 29,
        "img_name": "frame_0870.jpg",
        "width": 833,
        "height": 469,
        "position": [
            -4.577466011047363,
            1.174764633178711,
            -1.7061659097671509
        ],
        "rotation": [
            [
                0.6250583529472351,
                -0.40077298879623413,
                0.6698378920555115
            ],
            [
                0.4174777865409851,
                0.8967255353927612,
                0.14695411920547485
            ],
            [
                -0.6595560908317566,
                0.18778745830059052,
                0.7278200387954712
            ]
        ],
        "fy": 618.6453247070312,
        "fx": 618.6453247070312,
        "cx": 416.5,
        "cy": 234.5,
        "time": 0.0,
        "appearance_id": 29,
        "normalized_appearance_id": 0.707317054271698
    },
    {
        "id": 30,
        "img_name": "frame_0900.jpg",
        "width": 831,
        "height": 468,
        "position": [
            -5.163568496704102,
            0.5896643400192261,
            -0.7237033247947693
        ],
        "rotation": [
            [
                0.3617265820503235,
                -0.4751724302768707,
                0.8021004796028137
            ],
            [
                0.49945932626724243,
                0.8252473473548889,
                0.26364171504974365
            ],
            [
                -0.7872065901756287,
                0.3052504062652588,
                0.5358432531356812
            ]
        ],
        "fy": 615.5420532226562,
        "fx": 615.5420532226562,
        "cx": 415.5,
        "cy": 234.0,
        "time": 0.0,
        "appearance_id": 30,
        "normalized_appearance_id": 0.7317073345184326
    },
    {
        "id": 31,
        "img_name": "frame_0930.jpg",
        "width": 831,
        "height": 468,
        "position": [
            -5.391765117645264,
            -0.049523916095495224,
            0.3132189214229584
        ],
        "rotation": [
            [
                0.048306647688150406,
                -0.5058549642562866,
                0.8612650036811829
            ],
            [
                0.5369386672973633,
                0.7402374744415283,
                0.4046546220779419
            ],
            [
                -0.842237114906311,
                0.4428989291191101,
                0.30737149715423584
            ]
        ],
        "fy": 615.118408203125,
        "fx": 615.118408203125,
        "cx": 415.5,
        "cy": 234.0,
        "time": 0.0,
        "appearance_id": 31,
        "normalized_appearance_id": 0.7560975551605225
    },
    {
        "id": 32,
        "img_name": "frame_0960.jpg",
        "width": 842,
        "height": 474,
        "position": [
            -5.217395305633545,
            -0.7221910357475281,
            1.3775761127471924
        ],
        "rotation": [
            [
                -0.33986538648605347,
                -0.4710598886013031,
                0.813998818397522
            ],
            [
                0.5104036331176758,
                0.6345825791358948,
                0.580338716506958
            ],
            [
                -0.789923906326294,
                0.6127049922943115,
                0.02475804090499878
            ]
        ],
        "fy": 620.1327514648438,
        "fx": 620.1327514648438,
        "cx": 421.0,
        "cy": 237.0,
        "time": 0.0,
        "appearance_id": 32,
        "normalized_appearance_id": 0.7804877758026123
    },
    {
        "id": 33,
        "img_name": "frame_0990.jpg",
        "width": 831,
        "height": 468,
        "position": [
            -4.579925060272217,
            -1.2819496393203735,
            2.274118185043335
        ],
        "rotation": [
            [
                -0.6882258653640747,
                -0.35466909408569336,
                0.6328942179679871
            ],
            [
                0.40210777521133423,
                0.5396308302879333,
                0.7396674156188965
            ],
            [
                -0.6038662195205688,
                0.7635499835014343,
                -0.2287726253271103
            ]
        ],
        "fy": 618.0068359375,
        "fx": 618.0068359375,
        "cx": 415.5,
        "cy": 234.0,
        "time": 0.0,
        "appearance_id": 33,
        "normalized_appearance_id": 0.8048780560493469
    },
    {
        "id": 34,
        "img_name": "frame_1020.jpg",
        "width": 839,
        "height": 472,
        "position": [
            -3.593759059906006,
            -1.7030073404312134,
            2.8961269855499268
        ],
        "rotation": [
            [
                -0.928699791431427,
                -0.1656724214553833,
                0.33176687359809875
            ],
            [
                0.22000527381896973,
                0.47404518723487854,
                0.852571964263916
            ],
            [
                -0.29852014780044556,
                0.8647738695144653,
                -0.403796911239624
            ]
        ],
        "fy": 624.5756225585938,
        "fx": 624.5756225585938,
        "cx": 419.5,
        "cy": 236.0,
        "time": 0.0,
        "appearance_id": 34,
        "normalized_appearance_id": 0.8292682766914368
    },
    {
        "id": 35,
        "img_name": "frame_1050.jpg",
        "width": 831,
        "height": 468,
        "position": [
            -2.4141924381256104,
            -1.8244190216064453,
            3.081434726715088
        ],
        "rotation": [
            [
                -0.9983363151550293,
                0.0034861858002841473,
                0.05755532160401344
            ],
            [
                0.05287677049636841,
                0.45343151688575745,
                0.8897212147712708
            ],
            [
                -0.022995471954345703,
                0.8912842869758606,
                -0.4528614580631256
            ]
        ],
        "fy": 619.5098876953125,
        "fx": 619.5098876953125,
        "cx": 415.5,
        "cy": 234.0,
        "time": 0.0,
        "appearance_id": 35,
        "normalized_appearance_id": 0.8536585569381714
    },
    {
        "id": 36,
        "img_name": "frame_1080.jpg",
        "width": 826,
        "height": 465,
        "position": [
            -1.261854648590088,
            -1.843762993812561,
            3.0595998764038086
        ],
        "rotation": [
            [
                -0.9706133604049683,
                0.15135562419891357,
                -0.187086284160614
            ],
            [
                -0.09840358048677444,
                0.45983439683914185,
                0.8825356960296631
            ],
            [
                0.21960534155368805,
                0.8750107288360596,
                -0.4314274191856384
            ]
        ],
        "fy": 618.64013671875,
        "fx": 618.64013671875,
        "cx": 413.0,
        "cy": 232.5,
        "time": 0.0,
        "appearance_id": 36,
        "normalized_appearance_id": 0.8780487775802612
    },
    {
        "id": 37,
        "img_name": "frame_1110.jpg",
        "width": 831,
        "height": 468,
        "position": [
            -0.18434733152389526,
            -1.6954448223114014,
            2.7888331413269043
        ],
        "rotation": [
            [
                -0.9450643062591553,
                0.19678828120231628,
                -0.2610132098197937
            ],
            [
                -0.14294107258319855,
                0.469310998916626,
                0.8713868856430054
            ],
            [
                0.2939751148223877,
                0.8608260750770569,
                -0.41539981961250305
            ]
        ],
        "fy": 620.8049926757812,
        "fx": 620.8049926757812,
        "cx": 415.5,
        "cy": 234.0,
        "time": 0.0,
        "appearance_id": 37,
        "normalized_appearance_id": 0.9024389982223511
    },
    {
        "id": 38,
        "img_name": "frame_1140.jpg",
        "width": 836,
        "height": 471,
        "position": [
            0.8411648273468018,
            -1.4983466863632202,
            2.417250633239746
        ],
        "rotation": [
            [
                -0.7824757099151611,
                0.3505190908908844,
                -0.5146535038948059
            ],
            [
                -0.29954469203948975,
                0.512703537940979,
                0.8046167492866516
            ],
            [
                0.5458981394767761,
                0.7837546467781067,
                -0.2961817681789398
            ]
        ],
        "fy": 622.81640625,
        "fx": 622.81640625,
        "cx": 418.0,
        "cy": 235.5,
        "time": 0.0,
        "appearance_id": 38,
        "normalized_appearance_id": 0.9268292784690857
    },
    {
        "id": 39,
        "img_name": "frame_1170.jpg",
        "width": 830,
        "height": 467,
        "position": [
            1.5762794017791748,
            -1.1196117401123047,
            1.7860512733459473
        ],
        "rotation": [
            [
                -0.49991291761398315,
                0.4747809171676636,
                -0.7243412137031555
            ],
            [
                -0.4315469264984131,
                0.5885746479034424,
                0.6836280226707458
            ],
            [
                0.7509023547172546,
                0.6543416976928711,
                -0.08934576064348221
            ]
        ],
        "fy": 620.0313720703125,
        "fx": 620.0313720703125,
        "cx": 415.0,
        "cy": 233.5,
        "time": 0.0,
        "appearance_id": 39,
        "normalized_appearance_id": 0.9512194991111755
    },
    {
        "id": 40,
        "img_name": "frame_1200.jpg",
        "width": 831,
        "height": 468,
        "position": [
            1.975469946861267,
            -0.6403012275695801,
            1.000691294670105
        ],
        "rotation": [
            [
                -0.11887496709823608,
                0.5375058650970459,
                -0.8348390460014343
            ],
            [
                -0.5046910047531128,
                0.691373348236084,
                0.5170007348060608
            ],
            [
                0.8550763726234436,
                0.48279422521591187,
                0.1890873908996582
            ]
        ],
        "fy": 619.4116821289062,
        "fx": 619.4116821289062,
        "cx": 415.5,
        "cy": 234.0,
        "time": 0.0,
        "appearance_id": 40,
        "normalized_appearance_id": 0.9756097793579102
    }
]